   start.date duration end.date
1           0        2        2
2           0        2        2
3           0        3        3
4           0        4        4
5           0        4        4
6           0        5        5
7           0        6        6
8           0        7        7
9           0        8        8
10          1        1        2
11          1        2        3
12          1        2        3
13          1        4        5
14          1        4        5
15          1        4        5
16          1        5        6
17          1        7        8
18          1        7        8
19          2        3        5
20          2        4        6
21          2        4        6
22          2        7        9
23          2        7        9
24          3        1        4
25          3        5        8
26          3        7       10
27          3        8       11
28          3        8       11
29          4        1        5
30          4        2        6
31          4        3        7
32          4        3        7
33          4        4        8
34          4        5        9
35          4        6       10
36          4        7       11
37          4        7       11
38          5        2        7
39          5        2        7
40          5        4        9
41          5        4        9
42          5        5       10
43          5        5       10
44          6        2        8
45          6        5       11
46          6        5       11
47          6        6       12
48          6        7       13
49          6        7       13
50          6        8       14